San Mateo:
2024-07-09, 2024-07-10, 2024-07-11, 2024-07-12, 2024-07-13, 2024-07-14, 2024-07-15
91.7, 90.2, 92.0, 91.9, 92.7, 93.3, 91.9
77.9, 77.4, 75.6, 76.5, 76.8, 78.3, 77.7
5.6, 3.5, 4.8, 7.4, 4.8, 3.5, 4.3
7.3, 7.75, 8.85, 8.2, 8.55, 4.75, 5.8

Santa Cruz:
2024-07-08, 2024-07-09, 2024-07-10, 2024-07-11, 2024-07-12, 2024-07-13, 2024-07-14
60.4, 60.0, 59.5, 61.8, 55.4, 62.5, 62.7
56.4, 55.5, 54.6, 55.1, 50.3, 50.3, 53.0
21.5, 15.2, 14.0, 20.0, 22.4, 20.6, 14.7
1.1, 1.0, 1.6, 5.5, 0.75, 3.85, 5.9

Berkeley:
2024-07-08, 2024-07-09, 2024-07-10, 2024-07-11, 2024-07-12, 2024-07-13, 2024-07-14
61.8, 56.7, 81.6, 84.1, 78.0, 66.1, 69.3
54.2, 53.1, 52.9, 63.6, 60.7, 57.6, 56.4
7.7, 8.9, 7.4, 7.3, 9.6, 11.2, 10.3
8.35, 8.35, 8.4, 8.35, 8.3, 8.0, 8.0

Los Gatos:
2024-07-08, 2024-07-09, 2024-07-10, 2024-07-11, 2024-07-12, 2024-07-13, 2024-07-14
93.5, 83.8, 97.9, 106.5, 102.6, 98.8, 98.7
57.6, 55.6, 55.2, 70.2, 69.6, 66.6, 61.2
8.4, 7.4, 10.9, 6.9, 7.4, 5.5, 4.8
8.4, 8.4, 8.4, 8.35, 8.35, 8.05, 8.05

Napa:
2024-07-08, 2024-07-09, 2024-07-10, 2024-07-11, 2024-07-12, 2024-07-13, 2024-07-14
80.7, 78.4, 95.0, 97.8, 90.1, 80.1, 77.1
56.6, 54.2, 54.0, 54.1, 54.1, 52.7, 49.7
10.3, 11.0, 9.3, 8.7, 10.0, 9.9, 9.1
8.3, 8.3, 8.35, 8.3, 8.25, 7.95, 8.0

San Francisco:
2024-07-08, 2024-07-09, 2024-07-10, 2024-07-11, 2024-07-12, 2024-07-13, 2024-07-14
68.3, 63.7, 77.7, 84.0, 81.1, 69.7, 71.0
55.1, 54.2, 53.4, 58.9, 59.3, 58.0, 56.6
15.1, 14.3, 9.0, 8.7, 11.7, 12.2, 12.0
8.35, 8.35, 8.4, 8.35, 8.3, 8.0, 8.0

San Jose:
2024-07-08, 2024-07-09, 2024-07-10, 2024-07-11, 2024-07-12, 2024-07-13, 2024-07-14
83.5, 77.9, 94.0, 97.8, 93.0, 87.0, 89.6
61.2, 57.2, 56.4, 69.7, 68.7, 65.6, 60.9
10.4, 10.2, 10.0, 11.2, 11.3, 13.9, 11.9
8.4, 8.4, 8.4, 8.35, 8.35, 8.0, 8.05

Sonoma:
2024-07-08, 2024-07-09, 2024-07-10, 2024-07-11, 2024-07-12, 2024-07-13, 2024-07-14
81.2, 93.3, 96.6, 97.0, 93.9, 97.9, 98.0
71.1, 70.8, 74.8, 73.9, 73.9, 73.9, 77.0
20.2, 12.7, 11.7, 15.3, 13.7, 15.2, 14.9
5.8, 8.35, 8.35, 8.35, 7.35, 6.6, 8.0

Livermore:
2024-07-08, 2024-07-09, 2024-07-10, 2024-07-11, 2024-07-12, 2024-07-13, 2024-07-14
94.3, 85.8, 108.2, 112.7, 108.9, 93.8, 93.8
60.0, 55.6, 53.4, 71.6, 68.8, 60.8, 55.3
11.3, 12.3, 17.3, 19.9, 18.8, 19.0, 17.8
8.45, 8.45, 8.5, 8.4, 8.4, 8.05, 8.15

Monterey:
2024-07-08, 2024-07-09, 2024-07-10, 2024-07-11, 2024-07-12, 2024-07-13, 2024-07-14
85.1, 87.9, 85.0, 84.9, 80.8, 87.8, 86.0
63.7, 68.1, 61.5, 54.3, 61.4, 61.0, 62.4
8.4, 10.6, 17.2, 6.9, 5.5, 8.3, 12.6
7.6, 7.9, 8.4, 7.95, 6.85, 7.9, 5.45

